salsaman
1

nn_programmernn_programmersalsaman1
data_processordata_processorsalsaman1


0|0|0|1|256
0|1|0|1|257
0|2|0|1|258
0|3|0|1|259
0|4|0|1|260
0|5|0|1|261
0|6|0|1|262
0|7|0|1|263
0|8|0|1|264
0|9|0|1|265
0|10|0|1|266
0|11|0|1|267
0|12|0|1|268
0|13|0|1|269
0|14|0|1|270
0|15|0|1|271
0|16|0|1|272
0|17|0|1|273
0|18|0|1|274
0|19|0|1|275
0|20|0|1|276
0|21|0|1|277
0|22|0|1|278
0|23|0|1|279
0|24|0|1|280
0|25|0|1|281
0|26|0|1|282
0|27|0|1|283
0|28|0|1|284
0|29|0|1|285
0|30|0|1|286
0|31|0|1|287
0|32|0|1|288
0|33|0|1|289
0|34|0|1|290
0|35|0|1|291
0|36|0|1|292
0|37|0|1|293
0|38|0|1|294
0|39|0|1|295
0|40|0|1|296
0|41|0|1|297
0|42|0|1|298
0|43|0|1|299
0|44|0|1|300
0|45|0|1|301
0|46|0|1|302
0|47|0|1|303
0|48|0|1|304
0|49|0|1|305

